0.000000312934989;
0.000000963560014;
0.000000034800405;
0.000000978594123;
0.000000001639581;
0.000000000948532;
0.000000482245418;
0.000000017754582;
0.000000999042950;
0.000000000094705;
0.000000000862345;
0.000000999952121;
0.000000000029475;
0.000000013537292;
0.000000000950074;
0.000000000018403;
0.006774318443668;
0.288450828033488;
0.449304680880078;
0.545074944821018;
0.010533678611898;
0.584927439504226;
-66.944009677422827;
-57.043049075730238;
0.0002
-66.384490685949288;
-65.267120368159439;
-64.172527229841194;
-63.119087292690836;
-62.122212524502295;
-61.194533148755617;
-60.346134020669005;
-59.584833468700694;
-58.916491278928419;
-58.345331474284258;
-57.874265206484026;
-57.505199400782928;
-57.239317714226480;
-57.077321812339633;
-57.019622852809178;
